q 24 0 24 24
w 48 0 24 24
e 72 0 24 24
r 96 0 24 24
t 120 0 24 24
y 144 0 24 24
u 168 0 24 24
i 192 0 24 24
o 216 0 24 24
p 240 0 24 24
[ 264 0 24 24
] 288 0 24 24
\ 312 0 24 24
a 336 0 24 24
s 360 0 24 24
d 384 0 24 24
f 408 0 24 24
g 432 0 24 24
h 456 0 24 24
j 480 0 24 24
k 504 0 24 24
l 528 0 24 24
; 552 0 24 24
' 0 24 24 24
z 24 24 24 24
x 48 24 24 24
c 72 24 24 24
v 96 24 24 24
b 120 24 24 24
n 144 24 24 24
m 168 24 24 24
, 192 24 24 24
. 216 24 24 24
/ 240 24 24 24
{ 264 24 24 24
} 288 24 24 24
| 312 24 24 24
: 336 24 24 24
" 360 24 24 24
< 384 24 24 24
> 408 24 24 24
? 432 24 24 24
1 456 24 24 24
2 480 24 24 24
3 504 24 24 24
4 528 24 24 24
5 552 24 24 24
6 0 48 24 24
7 24 48 24 24
8 48 48 24 24
9 72 48 24 24
0 96 48 24 24
- 120 48 24 24
= 144 48 24 24
! 168 48 24 24
@ 192 48 24 24
# 216 48 24 24
$ 240 48 24 24
% 264 48 24 24
^ 288 48 24 24
& 312 48 24 24
* 336 48 24 24
( 360 48 24 24
) 384 48 24 24
_ 408 48 24 24
+ 432 48 24 24
一 456 48 24 24
乙 480 48 24 24
二 504 48 24 24
十 528 48 24 24
丁 552 48 24 24
厂 0 72 24 24
七 24 72 24 24
卜 48 72 24 24
人 72 72 24 24
入 96 72 24 24
八 120 72 24 24
九 144 72 24 24
几 168 72 24 24
儿 192 72 24 24
了 216 72 24 24
力 240 72 24 24
乃 264 72 24 24
刀 288 72 24 24
又 312 72 24 24
三 336 72 24 24
于 360 72 24 24
干 384 72 24 24
亏 408 72 24 24
士 432 72 24 24
工 456 72 24 24
土 480 72 24 24
才 504 72 24 24
寸 528 72 24 24
下 552 72 24 24
大 0 96 24 24
丈 24 96 24 24
与 48 96 24 24
万 72 96 24 24
上 96 96 24 24
小 120 96 24 24
口 144 96 24 24
巾 168 96 24 24
山 192 96 24 24
千 216 96 24 24
乞 240 96 24 24
川 264 96 24 24
亿 288 96 24 24
个 312 96 24 24
勺 336 96 24 24
久 360 96 24 24
凡 384 96 24 24
及 408 96 24 24
夕 432 96 24 24
丸 456 96 24 24
么 480 96 24 24
广 504 96 24 24
亡 528 96 24 24
门 552 96 24 24
义 0 120 24 24
之 24 120 24 24
尸 48 120 24 24
弓 72 120 24 24
己 96 120 24 24
已 120 120 24 24
子 144 120 24 24
卫 168 120 24 24
也 192 120 24 24
女 216 120 24 24
飞 240 120 24 24
刃 264 120 24 24
习 288 120 24 24
叉 312 120 24 24
马 336 120 24 24
乡 360 120 24 24
丰 384 120 24 24
王 408 120 24 24
井 432 120 24 24
开 456 120 24 24
夫 480 120 24 24
天 504 120 24 24
无 528 120 24 24
元 552 120 24 24
专 0 144 24 24
云 24 144 24 24
扎 48 144 24 24
艺 72 144 24 24
木 96 144 24 24
五 120 144 24 24
支 144 144 24 24
厅 168 144 24 24
不 192 144 24 24
太 216 144 24 24
犬 240 144 24 24
区 264 144 24 24
历 288 144 24 24
尤 312 144 24 24
友 336 144 24 24
匹 360 144 24 24
车 384 144 24 24
巨 408 144 24 24
牙 432 144 24 24
屯 456 144 24 24
比 480 144 24 24
互 504 144 24 24
切 528 144 24 24
瓦 552 144 24 24
止 0 168 24 24
少 24 168 24 24
日 48 168 24 24
中 72 168 24 24
冈 96 168 24 24
贝 120 168 24 24
内 144 168 24 24
水 168 168 24 24
见 192 168 24 24
午 216 168 24 24
牛 240 168 24 24
手 264 168 24 24
毛 288 168 24 24
气 312 168 24 24
升 336 168 24 24
长 360 168 24 24
仁 384 168 24 24
什 408 168 24 24
片 432 168 24 24
仆 456 168 24 24
化 480 168 24 24
仇 504 168 24 24
币 528 168 24 24
仍 552 168 24 24
仅 0 192 24 24
斤 24 192 24 24
爪 48 192 24 24
反 72 192 24 24
介 96 192 24 24
父 120 192 24 24
从 144 192 24 24
今 168 192 24 24
凶 192 192 24 24
分 216 192 24 24
乏 240 192 24 24
公 264 192 24 24
仓 288 192 24 24
月 312 192 24 24
氏 336 192 24 24
勿 360 192 24 24
欠 384 192 24 24
风 408 192 24 24
丹 432 192 24 24
匀 456 192 24 24
乌 480 192 24 24
凤 504 192 24 24
勾 528 192 24 24
文 552 192 24 24
六 0 216 24 24
方 24 216 24 24
火 48 216 24 24
为 72 216 24 24
斗 96 216 24 24
忆 120 216 24 24
订 144 216 24 24
计 168 216 24 24
户 192 216 24 24
认 216 216 24 24
心 240 216 24 24
尺 264 216 24 24
引 288 216 24 24
丑 312 216 24 24
巴 336 216 24 24
孔 360 216 24 24
队 384 216 24 24
办 408 216 24 24
以 432 216 24 24
允 456 216 24 24
予 480 216 24 24
劝 504 216 24 24
双 528 216 24 24
书 552 216 24 24
幻 0 240 24 24
玉 24 240 24 24
刊 48 240 24 24
示 72 240 24 24
末 96 240 24 24
未 120 240 24 24
击 144 240 24 24
打 168 240 24 24
巧 192 240 24 24
正 216 240 24 24
扑 240 240 24 24
扒 264 240 24 24
功 288 240 24 24
扔 312 240 24 24
去 336 240 24 24
甘 360 240 24 24
世 384 240 24 24
古 408 240 24 24
节 432 240 24 24
本 456 240 24 24
术 480 240 24 24
可 504 240 24 24
丙 528 240 24 24
左 552 240 24 24
厉 0 264 24 24
右 24 264 24 24
石 48 264 24 24
布 72 264 24 24
龙 96 264 24 24
平 120 264 24 24
灭 144 264 24 24
轧 168 264 24 24
东 192 264 24 24
卡 216 264 24 24
北 240 264 24 24
占 264 264 24 24
业 288 264 24 24
旧 312 264 24 24
帅 336 264 24 24
归 360 264 24 24
且 384 264 24 24
旦 408 264 24 24
目 432 264 24 24
叶 456 264 24 24
甲 480 264 24 24
申 504 264 24 24
叮 528 264 24 24
电 552 264 24 24
号 0 288 24 24
田 24 288 24 24
由 48 288 24 24
史 72 288 24 24
只 96 288 24 24
央 120 288 24 24
兄 144 288 24 24
叼 168 288 24 24
叫 192 288 24 24
另 216 288 24 24
叨 240 288 24 24
叹 264 288 24 24
四 288 288 24 24
生 312 288 24 24
失 336 288 24 24
禾 360 288 24 24
丘 384 288 24 24
付 408 288 24 24
仗 432 288 24 24
代 456 288 24 24
仙 480 288 24 24
们 504 288 24 24
仪 528 288 24 24
白 552 288 24 24
仔 0 312 24 24
他 24 312 24 24
斥 48 312 24 24
瓜 72 312 24 24
乎 96 312 24 24
丛 120 312 24 24
令 144 312 24 24
用 168 312 24 24
甩 192 312 24 24
印 216 312 24 24
乐 240 312 24 24
句 264 312 24 24
匆 288 312 24 24
册 312 312 24 24
犯 336 312 24 24
外 360 312 24 24
处 384 312 24 24
冬 408 312 24 24
鸟 432 312 24 24
务 456 312 24 24
包 480 312 24 24
饥 504 312 24 24
主 528 312 24 24
市 552 312 24 24
立 0 336 24 24
闪 24 336 24 24
兰 48 336 24 24
半 72 336 24 24
汁 96 336 24 24
汇 120 336 24 24
头 144 336 24 24
汉 168 336 24 24
宁 192 336 24 24
穴 216 336 24 24
它 240 336 24 24
讨 264 336 24 24
写 288 336 24 24
让 312 336 24 24
礼 336 336 24 24
训 360 336 24 24
必 384 336 24 24
议 408 336 24 24
讯 432 336 24 24
记 456 336 24 24
永 480 336 24 24
司 504 336 24 24
尼 528 336 24 24
民 552 336 24 24
出 0 360 24 24
辽 24 360 24 24
奶 48 360 24 24
奴 72 360 24 24
加 96 360 24 24
召 120 360 24 24
皮 144 360 24 24
边 168 360 24 24
发 192 360 24 24
孕 216 360 24 24
圣 240 360 24 24
对 264 360 24 24
台 288 360 24 24
矛 312 360 24 24
纠 336 360 24 24
母 360 360 24 24
幼 384 360 24 24
丝 408 360 24 24
式 432 360 24 24
刑 456 360 24 24
动 480 360 24 24
扛 504 360 24 24
寺 528 360 24 24
吉 552 360 24 24
扣 0 384 24 24
考 24 384 24 24
托 48 384 24 24
老 72 384 24 24
执 96 384 24 24
巩 120 384 24 24
圾 144 384 24 24
扩 168 384 24 24
扫 192 384 24 24
地 216 384 24 24
扬 240 384 24 24
场 264 384 24 24
耳 288 384 24 24
共 312 384 24 24
芒 336 384 24 24
亚 360 384 24 24
芝 384 384 24 24
朽 408 384 24 24
朴 432 384 24 24
机 456 384 24 24
权 480 384 24 24
过 504 384 24 24
臣 528 384 24 24
再 552 384 24 24
协 0 408 24 24
西 24 408 24 24
压 48 408 24 24
厌 72 408 24 24
在 96 408 24 24
有 120 408 24 24
百 144 408 24 24
存 168 408 24 24
而 192 408 24 24
页 216 408 24 24
匠 240 408 24 24
夸 264 408 24 24
夺 288 408 24 24
灰 312 408 24 24
达 336 408 24 24
列 360 408 24 24
死 384 408 24 24
成 408 408 24 24
夹 432 408 24 24
轨 456 408 24 24
邪 480 408 24 24
划 504 408 24 24
迈 528 408 24 24
毕 552 408 24 24
至 0 432 24 24
此 24 432 24 24
贞 48 432 24 24
师 72 432 24 24
尘 96 432 24 24
尖 120 432 24 24
劣 144 432 24 24
光 168 432 24 24
当 192 432 24 24
早 216 432 24 24
吐 240 432 24 24
吓 264 432 24 24
虫 288 432 24 24
曲 312 432 24 24
团 336 432 24 24
同 360 432 24 24
吊 384 432 24 24
吃 408 432 24 24
因 432 432 24 24
吸 456 432 24 24
吗 480 432 24 24
屿 504 432 24 24
帆 528 432 24 24
岁 552 432 24 24
回 0 456 24 24
岂 24 456 24 24
刚 48 456 24 24
则 72 456 24 24
肉 96 456 24 24
网 120 456 24 24
年 144 456 24 24
朱 168 456 24 24
先 192 456 24 24
丢 216 456 24 24
舌 240 456 24 24
竹 264 456 24 24
迁 288 456 24 24
乔 312 456 24 24
伟 336 456 24 24
传 360 456 24 24
乒 384 456 24 24
乓 408 456 24 24
休 432 456 24 24
伍 456 456 24 24
伏 480 456 24 24
优 504 456 24 24
伐 528 456 24 24
延 552 456 24 24
件 0 480 24 24
任 24 480 24 24
伤 48 480 24 24
价 72 480 24 24
份 96 480 24 24
华 120 480 24 24
仰 144 480 24 24
仿 168 480 24 24
伙 192 480 24 24
伪 216 480 24 24
自 240 480 24 24
血 264 480 24 24
向 288 480 24 24
似 312 480 24 24
后 336 480 24 24
行 360 480 24 24
舟 384 480 24 24
全 408 480 24 24
会 432 480 24 24
杀 456 480 24 24
合 480 480 24 24
兆 504 480 24 24
企 528 480 24 24
众 552 480 24 24
爷 0 504 24 24
伞 24 504 24 24
创 48 504 24 24
肌 72 504 24 24
朵 96 504 24 24
杂 120 504 24 24
危 144 504 24 24
旬 168 504 24 24
旨 192 504 24 24
负 216 504 24 24
各 240 504 24 24
名 264 504 24 24
多 288 504 24 24
争 312 504 24 24
色 336 504 24 24
壮 360 504 24 24
冲 384 504 24 24
冰 408 504 24 24
庄 432 504 24 24
庆 456 504 24 24
亦 480 504 24 24
刘 504 504 24 24
齐 528 504 24 24
交 552 504 24 24
次 0 528 24 24
衣 24 528 24 24
产 48 528 24 24
决 72 528 24 24
充 96 528 24 24
妄 120 528 24 24
闭 144 528 24 24
问 168 528 24 24
闯 192 528 24 24
羊 216 528 24 24
并 240 528 24 24
关 264 528 24 24
米 288 528 24 24
灯 312 528 24 24
州 336 528 24 24
汗 360 528 24 24
污 384 528 24 24
江 408 528 24 24
池 432 528 24 24
汤 456 528 24 24
忙 480 528 24 24
兴 504 528 24 24
宇 528 528 24 24
守 552 528 24 24
宅 0 552 24 24
字 24 552 24 24
安 48 552 24 24
讲 72 552 24 24
军 96 552 24 24
许 120 552 24 24
论 144 552 24 24
农 168 552 24 24
讽 192 552 24 24
设 216 552 24 24
访 240 552 24 24
寻 264 552 24 24
那 288 552 24 24
迅 312 552 24 24
尽 336 552 24 24
导 360 552 24 24
异 384 552 24 24
孙 408 552 24 24
阵 432 552 24 24
阳 456 552 24 24
收 480 552 24 24
阶 504 552 24 24
阴 528 552 24 24
防 552 552 24 24
奸 0 576 24 24
如 24 576 24 24
妇 48 576 24 24
好 72 576 24 24
她 96 576 24 24
妈 120 576 24 24
戏 144 576 24 24
羽 168 576 24 24
观 192 576 24 24
欢 216 576 24 24
买 240 576 24 24
红 264 576 24 24
纤 288 576 24 24
级 312 576 24 24
约 336 576 24 24
纪 360 576 24 24
驰 384 576 24 24
巡 408 576 24 24
寿 432 576 24 24
弄 456 576 24 24
麦 480 576 24 24
形 504 576 24 24
进 528 576 24 24
戒 552 576 24 24
吞 0 600 24 24
远 24 600 24 24
违 48 600 24 24
运 72 600 24 24
扶 96 600 24 24
抚 120 600 24 24
坛 144 600 24 24
技 168 600 24 24
坏 192 600 24 24
扰 216 600 24 24
拒 240 600 24 24
找 264 600 24 24
批 288 600 24 24
扯 312 600 24 24
址 336 600 24 24
走 360 600 24 24
抄 384 600 24 24
坝 408 600 24 24
贡 432 600 24 24
攻 456 600 24 24
赤 480 600 24 24
折 504 600 24 24
抓 528 600 24 24
扮 552 600 24 24
抢 0 624 24 24
孝 24 624 24 24
均 48 624 24 24
抛 72 624 24 24
投 96 624 24 24
坟 120 624 24 24
抗 144 624 24 24
坑 168 624 24 24
坊 192 624 24 24
抖 216 624 24 24
护 240 624 24 24
壳 264 624 24 24
志 288 624 24 24
扭 312 624 24 24
块 336 624 24 24
声 360 624 24 24
把 384 624 24 24
报 408 624 24 24
却 432 624 24 24
劫 456 624 24 24
芽 480 624 24 24
花 504 624 24 24
芹 528 624 24 24
芬 552 624 24 24
苍 0 648 24 24
芳 24 648 24 24
严 48 648 24 24
芦 72 648 24 24
劳 96 648 24 24
克 120 648 24 24
苏 144 648 24 24
杆 168 648 24 24
杠 192 648 24 24
杜 216 648 24 24
材 240 648 24 24
村 264 648 24 24
杏 288 648 24 24
极 312 648 24 24
李 336 648 24 24
杨 360 648 24 24
求 384 648 24 24
更 408 648 24 24
束 432 648 24 24
豆 456 648 24 24
两 480 648 24 24
丽 504 648 24 24
医 528 648 24 24
辰 552 648 24 24
励 0 672 24 24
否 24 672 24 24
还 48 672 24 24
歼 72 672 24 24
来 96 672 24 24
连 120 672 24 24
步 144 672 24 24
坚 168 672 24 24
旱 192 672 24 24
盯 216 672 24 24
呈 240 672 24 24
时 264 672 24 24
吴 288 672 24 24
助 312 672 24 24
县 336 672 24 24
里 360 672 24 24
呆 384 672 24 24
园 408 672 24 24
旷 432 672 24 24
围 456 672 24 24
呀 480 672 24 24
吨 504 672 24 24
足 528 672 24 24
邮 552 672 24 24
男 0 696 24 24
困 24 696 24 24
吵 48 696 24 24
串 72 696 24 24
员 96 696 24 24
听 120 696 24 24
吩 144 696 24 24
吹 168 696 24 24
呜 192 696 24 24
吧 216 696 24 24
吼 240 696 24 24
别 264 696 24 24
岗 288 696 24 24
帐 312 696 24 24
财 336 696 24 24
针 360 696 24 24
钉 384 696 24 24
告 408 696 24 24
我 432 696 24 24
乱 456 696 24 24
利 480 696 24 24
秃 504 696 24 24
秀 528 696 24 24
私 552 696 24 24
每 0 720 24 24
兵 24 720 24 24
估 48 720 24 24
体 72 720 24 24
何 96 720 24 24
但 120 720 24 24
伸 144 720 24 24
作 168 720 24 24
伯 192 720 24 24
伶 216 720 24 24
佣 240 720 24 24
低 264 720 24 24
你 288 720 24 24
住 312 720 24 24
位 336 720 24 24
伴 360 720 24 24
身 384 720 24 24
皂 408 720 24 24
佛 432 720 24 24
近 456 720 24 24
彻 480 720 24 24
役 504 720 24 24
返 528 720 24 24
余 552 720 24 24
希 0 744 24 24
坐 24 744 24 24
谷 48 744 24 24
妥 72 744 24 24
含 96 744 24 24
邻 120 744 24 24
岔 144 744 24 24
肝 168 744 24 24
肚 192 744 24 24
肠 216 744 24 24
龟 240 744 24 24
免 264 744 24 24
狂 288 744 24 24
犹 312 744 24 24
角 336 744 24 24
删 360 744 24 24
条 384 744 24 24
卵 408 744 24 24
岛 432 744 24 24
迎 456 744 24 24
饭 480 744 24 24
饮 504 744 24 24
系 528 744 24 24
言 552 744 24 24
冻 0 768 24 24
状 24 768 24 24
亩 48 768 24 24
况 72 768 24 24
床 96 768 24 24
库 120 768 24 24
疗 144 768 24 24
应 168 768 24 24
冷 192 768 24 24
这 216 768 24 24
序 240 768 24 24
辛 264 768 24 24
弃 288 768 24 24
冶 312 768 24 24
忘 336 768 24 24
闲 360 768 24 24
间 384 768 24 24
闷 408 768 24 24
判 432 768 24 24
灶 456 768 24 24
灿 480 768 24 24
弟 504 768 24 24
汪 528 768 24 24
沙 552 768 24 24
汽 0 792 24 24
沃 24 792 24 24
泛 48 792 24 24
沟 72 792 24 24
没 96 792 24 24
沈 120 792 24 24
沉 144 792 24 24
怀 168 792 24 24
忧 192 792 24 24
快 216 792 24 24
完 240 792 24 24
宋 264 792 24 24
宏 288 792 24 24
牢 312 792 24 24
究 336 792 24 24
穷 360 792 24 24
灾 384 792 24 24
良 408 792 24 24
证 432 792 24 24
启 456 792 24 24
评 480 792 24 24
补 504 792 24 24
初 528 792 24 24
社 552 792 24 24
识 0 816 24 24
诉 24 816 24 24
诊 48 816 24 24
词 72 816 24 24
译 96 816 24 24
君 120 816 24 24
灵 144 816 24 24
即 168 816 24 24
层 192 816 24 24
尿 216 816 24 24
尾 240 816 24 24
迟 264 816 24 24
局 288 816 24 24
改 312 816 24 24
张 336 816 24 24
忌 360 816 24 24
际 384 816 24 24
陆 408 816 24 24
阿 432 816 24 24
陈 456 816 24 24
阻 480 816 24 24
附 504 816 24 24
妙 528 816 24 24
妖 552 816 24 24
妨 0 840 24 24
努 24 840 24 24
忍 48 840 24 24
劲 72 840 24 24
鸡 96 840 24 24
驱 120 840 24 24
纯 144 840 24 24
纱 168 840 24 24
纳 192 840 24 24
纲 216 840 24 24
驳 240 840 24 24
纵 264 840 24 24
纷 288 840 24 24
纸 312 840 24 24
纹 336 840 24 24
纺 360 840 24 24
驴 384 840 24 24
纽 408 840 24 24
奉 432 840 24 24
玩 456 840 24 24
环 480 840 24 24
武 504 840 24 24
青 528 840 24 24
责 552 840 24 24
现 0 864 24 24
表 24 864 24 24
规 48 864 24 24
抹 72 864 24 24
拢 96 864 24 24
拔 120 864 24 24
拣 144 864 24 24
担 168 864 24 24
坦 192 864 24 24
押 216 864 24 24
抽 240 864 24 24
拐 264 864 24 24
拖 288 864 24 24
拍 312 864 24 24
者 336 864 24 24
顶 360 864 24 24
拆 384 864 24 24
拥 408 864 24 24
抵 432 864 24 24
拘 456 864 24 24
势 480 864 24 24
抱 504 864 24 24
垃 528 864 24 24
拉 552 864 24 24
拦 0 888 24 24
拌 24 888 24 24
幸 48 888 24 24
招 72 888 24 24
坡 96 888 24 24
披 120 888 24 24
拨 144 888 24 24
择 168 888 24 24
抬 192 888 24 24
其 216 888 24 24
取 240 888 24 24
苦 264 888 24 24
若 288 888 24 24
茂 312 888 24 24
苹 336 888 24 24
苗 360 888 24 24
英 384 888 24 24
范 408 888 24 24
直 432 888 24 24
茄 456 888 24 24
茎 480 888 24 24
茅 504 888 24 24
林 528 888 24 24
枝 552 888 24 24
杯 0 912 24 24
柜 24 912 24 24
析 48 912 24 24
板 72 912 24 24
松 96 912 24 24
枪 120 912 24 24
构 144 912 24 24
杰 168 912 24 24
述 192 912 24 24
枕 216 912 24 24
丧 240 912 24 24
或 264 912 24 24
画 288 912 24 24
卧 312 912 24 24
事 336 912 24 24
刺 360 912 24 24
枣 384 912 24 24
雨 408 912 24 24
卖 432 912 24 24
矿 456 912 24 24
码 480 912 24 24
厕 504 912 24 24
奔 528 912 24 24
奇 552 912 24 24
奋 0 936 24 24
态 24 936 24 24
欧 48 936 24 24
垄 72 936 24 24
妻 96 936 24 24
轰 120 936 24 24
顷 144 936 24 24
转 168 936 24 24
斩 192 936 24 24
轮 216 936 24 24
软 240 936 24 24
到 264 936 24 24
非 288 936 24 24
叔 312 936 24 24
肯 336 936 24 24
齿 360 936 24 24
些 384 936 24 24
虎 408 936 24 24
虏 432 936 24 24
肾 456 936 24 24
贤 480 936 24 24
尚 504 936 24 24
旺 528 936 24 24
具 552 936 24 24
果 0 960 24 24
味 24 960 24 24
昆 48 960 24 24
国 72 960 24 24
昌 96 960 24 24
畅 120 960 24 24
明 144 960 24 24
易 168 960 24 24
昂 192 960 24 24
典 216 960 24 24
固 240 960 24 24
忠 264 960 24 24
咐 288 960 24 24
呼 312 960 24 24
鸣 336 960 24 24
咏 360 960 24 24
呢 384 960 24 24
岸 408 960 24 24
岩 432 960 24 24
帖 456 960 24 24
罗 480 960 24 24
帜 504 960 24 24
岭 528 960 24 24
凯 552 960 24 24
败 0 984 24 24
贩 24 984 24 24
购 48 984 24 24
图 72 984 24 24
钓 96 984 24 24
制 120 984 24 24
知 144 984 24 24
垂 168 984 24 24
牧 192 984 24 24
物 216 984 24 24
乖 240 984 24 24
刮 264 984 24 24
秆 288 984 24 24
和 312 984 24 24
季 336 984 24 24
委 360 984 24 24
佳 384 984 24 24
侍 408 984 24 24
供 432 984 24 24
使 456 984 24 24
例 480 984 24 24
版 504 984 24 24
侄 528 984 24 24
侦 552 984 24 24
侧 0 1008 24 24
凭 24 1008 24 24
侨 48 1008 24 24
佩 72 1008 24 24
货 96 1008 24 24
依 120 1008 24 24
的 144 1008 24 24
迫 168 1008 24 24
质 192 1008 24 24
欣 216 1008 24 24
征 240 1008 24 24
往 264 1008 24 24
爬 288 1008 24 24
彼 312 1008 24 24
径 336 1008 24 24
所 360 1008 24 24
舍 384 1008 24 24
金 408 1008 24 24
命 432 1008 24 24
斧 456 1008 24 24
爸 480 1008 24 24
采 504 1008 24 24
受 528 1008 24 24
乳 552 1008 24 24
贪 0 1032 24 24
念 24 1032 24 24
贫 48 1032 24 24
肤 72 1032 24 24
肺 96 1032 24 24
肢 120 1032 24 24
肿 144 1032 24 24
胀 168 1032 24 24
朋 192 1032 24 24
股 216 1032 24 24
肥 240 1032 24 24
服 264 1032 24 24
胁 288 1032 24 24
周 312 1032 24 24
昏 336 1032 24 24
鱼 360 1032 24 24
兔 384 1032 24 24
狐 408 1032 24 24
忽 432 1032 24 24
狗 456 1032 24 24
备 480 1032 24 24
饰 504 1032 24 24
饱 528 1032 24 24
饲 552 1032 24 24
变 0 1056 24 24
京 24 1056 24 24
享 48 1056 24 24
店 72 1056 24 24
夜 96 1056 24 24
庙 120 1056 24 24
府 144 1056 24 24
底 168 1056 24 24
剂 192 1056 24 24
郊 216 1056 24 24
废 240 1056 24 24
净 264 1056 24 24
盲 288 1056 24 24
放 312 1056 24 24
刻 336 1056 24 24
育 360 1056 24 24
闸 384 1056 24 24
闹 408 1056 24 24
郑 432 1056 24 24
券 456 1056 24 24
卷 480 1056 24 24
单 504 1056 24 24
炒 528 1056 24 24
炊 552 1056 24 24
炕 0 1080 24 24
炎 24 1080 24 24
炉 48 1080 24 24
沫 72 1080 24 24
浅 96 1080 24 24
法 120 1080 24 24
泄 144 1080 24 24
河 168 1080 24 24
沾 192 1080 24 24
泪 216 1080 24 24
油 240 1080 24 24
泊 264 1080 24 24
沿 288 1080 24 24
泡 312 1080 24 24
注 336 1080 24 24
泻 360 1080 24 24
泳 384 1080 24 24
泥 408 1080 24 24
沸 432 1080 24 24
波 456 1080 24 24
泼 480 1080 24 24
泽 504 1080 24 24
治 528 1080 24 24
怖 552 1080 24 24
性 0 1104 24 24
怕 24 1104 24 24
怜 48 1104 24 24
怪 72 1104 24 24
学 96 1104 24 24
宝 120 1104 24 24
宗 144 1104 24 24
定 168 1104 24 24
宜 192 1104 24 24
审 216 1104 24 24
宙 240 1104 24 24
官 264 1104 24 24
空 288 1104 24 24
帘 312 1104 24 24
实 336 1104 24 24
试 360 1104 24 24
郎 384 1104 24 24
诗 408 1104 24 24
肩 432 1104 24 24
房 456 1104 24 24
诚 480 1104 24 24
衬 504 1104 24 24
衫 528 1104 24 24
视 552 1104 24 24
话 0 1128 24 24
诞 24 1128 24 24
询 48 1128 24 24
该 72 1128 24 24
详 96 1128 24 24
建 120 1128 24 24
肃 144 1128 24 24
录 168 1128 24 24
隶 192 1128 24 24
居 216 1128 24 24
届 240 1128 24 24
刷 264 1128 24 24
屈 288 1128 24 24
弦 312 1128 24 24
承 336 1128 24 24
孟 360 1128 24 24
孤 384 1128 24 24
陕 408 1128 24 24
降 432 1128 24 24
限 456 1128 24 24
妹 480 1128 24 24
姑 504 1128 24 24
姐 528 1128 24 24
姓 552 1128 24 24
始 0 1152 24 24
驾 24 1152 24 24
参 48 1152 24 24
艰 72 1152 24 24
线 96 1152 24 24
练 120 1152 24 24
组 144 1152 24 24
细 168 1152 24 24
驶 192 1152 24 24
织 216 1152 24 24
终 240 1152 24 24
驻 264 1152 24 24
驼 288 1152 24 24
绍 312 1152 24 24
经 336 1152 24 24
贯 360 1152 24 24
奏 384 1152 24 24
春 408 1152 24 24
帮 432 1152 24 24
珍 456 1152 24 24
玻 480 1152 24 24
毒 504 1152 24 24
型 528 1152 24 24
挂 552 1152 24 24
封 0 1176 24 24
持 24 1176 24 24
项 48 1176 24 24
垮 72 1176 24 24
挎 96 1176 24 24
城 120 1176 24 24
挠 144 1176 24 24
政 168 1176 24 24
赴 192 1176 24 24
赵 216 1176 24 24
挡 240 1176 24 24
挺 264 1176 24 24
括 288 1176 24 24
拴 312 1176 24 24
拾 336 1176 24 24
挑 360 1176 24 24
指 384 1176 24 24
垫 408 1176 24 24
挣 432 1176 24 24
挤 456 1176 24 24
拼 480 1176 24 24
挖 504 1176 24 24
按 528 1176 24 24
挥 552 1176 24 24
挪 0 1200 24 24
某 24 1200 24 24
甚 48 1200 24 24
革 72 1200 24 24
荐 96 1200 24 24
巷 120 1200 24 24
带 144 1200 24 24
草 168 1200 24 24
茧 192 1200 24 24
茶 216 1200 24 24
荒 240 1200 24 24
茫 264 1200 24 24
荡 288 1200 24 24
荣 312 1200 24 24
故 336 1200 24 24
胡 360 1200 24 24
南 384 1200 24 24
药 408 1200 24 24
标 432 1200 24 24
枯 456 1200 24 24
柄 480 1200 24 24
栋 504 1200 24 24
相 528 1200 24 24
查 552 1200 24 24
柏 0 1224 24 24
柳 24 1224 24 24
柱 48 1224 24 24
柿 72 1224 24 24
栏 96 1224 24 24
树 120 1224 24 24
要 144 1224 24 24
咸 168 1224 24 24
威 192 1224 24 24
歪 216 1224 24 24
研 240 1224 24 24
砖 264 1224 24 24
厘 288 1224 24 24
厚 312 1224 24 24
砌 336 1224 24 24
砍 360 1224 24 24
面 384 1224 24 24
耐 408 1224 24 24
耍 432 1224 24 24
牵 456 1224 24 24
残 480 1224 24 24
殃 504 1224 24 24
轻 528 1224 24 24
鸦 552 1224 24 24
皆 0 1248 24 24
背 24 1248 24 24
战 48 1248 24 24
点 72 1248 24 24
临 96 1248 24 24
览 120 1248 24 24
竖 144 1248 24 24
省 168 1248 24 24
削 192 1248 24 24
尝 216 1248 24 24
是 240 1248 24 24
盼 264 1248 24 24
眨 288 1248 24 24
哄 312 1248 24 24
显 336 1248 24 24
哑 360 1248 24 24
冒 384 1248 24 24
映 408 1248 24 24
星 432 1248 24 24
昨 456 1248 24 24
畏 480 1248 24 24
趴 504 1248 24 24
胃 528 1248 24 24
贵 552 1248 24 24
界 0 1272 24 24
虹 24 1272 24 24
虾 48 1272 24 24
蚁 72 1272 24 24
思 96 1272 24 24
蚂 120 1272 24 24
虽 144 1272 24 24
品 168 1272 24 24
咽 192 1272 24 24
骂 216 1272 24 24
哗 240 1272 24 24
咱 264 1272 24 24
响 288 1272 24 24
哈 312 1272 24 24
咬 336 1272 24 24
咳 360 1272 24 24
哪 384 1272 24 24
炭 408 1272 24 24
峡 432 1272 24 24
罚 456 1272 24 24
贱 480 1272 24 24
贴 504 1272 24 24
骨 528 1272 24 24
钞 552 1272 24 24
钟 0 1296 24 24
钢 24 1296 24 24
钥 48 1296 24 24
钩 72 1296 24 24
卸 96 1296 24 24
缸 120 1296 24 24
拜 144 1296 24 24
看 168 1296 24 24
矩 192 1296 24 24
怎 216 1296 24 24
牲 240 1296 24 24
选 264 1296 24 24
适 288 1296 24 24
秒 312 1296 24 24
香 336 1296 24 24
种 360 1296 24 24
秋 384 1296 24 24
科 408 1296 24 24
重 432 1296 24 24
复 456 1296 24 24
竿 480 1296 24 24
段 504 1296 24 24
便 528 1296 24 24
俩 552 1296 24 24
贷 0 1320 24 24
顺 24 1320 24 24
修 48 1320 24 24
保 72 1320 24 24
促 96 1320 24 24
侮 120 1320 24 24
俭 144 1320 24 24
俗 168 1320 24 24
俘 192 1320 24 24
信 216 1320 24 24
皇 240 1320 24 24
泉 264 1320 24 24
鬼 288 1320 24 24
侵 312 1320 24 24
追 336 1320 24 24
俊 360 1320 24 24
盾 384 1320 24 24
待 408 1320 24 24
律 432 1320 24 24
很 456 1320 24 24
须 480 1320 24 24
叙 504 1320 24 24
剑 528 1320 24 24
逃 552 1320 24 24
食 0 1344 24 24
盆 24 1344 24 24
胆 48 1344 24 24
胜 72 1344 24 24
胞 96 1344 24 24
胖 120 1344 24 24
脉 144 1344 24 24
勉 168 1344 24 24
狭 192 1344 24 24
狮 216 1344 24 24
独 240 1344 24 24
狡 264 1344 24 24
狱 288 1344 24 24
狠 312 1344 24 24
贸 336 1344 24 24
怨 360 1344 24 24
急 384 1344 24 24
饶 408 1344 24 24
蚀 432 1344 24 24
饺 456 1344 24 24
饼 480 1344 24 24
弯 504 1344 24 24
将 528 1344 24 24
奖 552 1344 24 24
哀 0 1368 24 24
亭 24 1368 24 24
亮 48 1368 24 24
度 72 1368 24 24
迹 96 1368 24 24
庭 120 1368 24 24
疮 144 1368 24 24
疯 168 1368 24 24
疫 192 1368 24 24
疤 216 1368 24 24
姿 240 1368 24 24
亲 264 1368 24 24
音 288 1368 24 24
帝 312 1368 24 24
施 336 1368 24 24
闻 360 1368 24 24
阀 384 1368 24 24
阁 408 1368 24 24
差 432 1368 24 24
养 456 1368 24 24
美 480 1368 24 24
姜 504 1368 24 24
叛 528 1368 24 24
送 552 1368 24 24
类 0 1392 24 24
迷 24 1392 24 24
前 48 1392 24 24
首 72 1392 24 24
逆 96 1392 24 24
总 120 1392 24 24
炼 144 1392 24 24
炸 168 1392 24 24
炮 192 1392 24 24
烂 216 1392 24 24
剃 240 1392 24 24
洁 264 1392 24 24
洪 288 1392 24 24
洒 312 1392 24 24
浇 336 1392 24 24
浊 360 1392 24 24
洞 384 1392 24 24
测 408 1392 24 24
洗 432 1392 24 24
活 456 1392 24 24
派 480 1392 24 24
洽 504 1392 24 24
染 528 1392 24 24
济 552 1392 24 24
洋 0 1416 24 24
洲 24 1416 24 24
浑 48 1416 24 24
浓 72 1416 24 24
津 96 1416 24 24
恒 120 1416 24 24
恢 144 1416 24 24
恰 168 1416 24 24
恼 192 1416 24 24
恨 216 1416 24 24
举 240 1416 24 24
觉 264 1416 24 24
宣 288 1416 24 24
室 312 1416 24 24
宫 336 1416 24 24
宪 360 1416 24 24
突 384 1416 24 24
穿 408 1416 24 24
窃 432 1416 24 24
客 456 1416 24 24
冠 480 1416 24 24
语 504 1416 24 24
扁 528 1416 24 24
袄 552 1416 24 24
祖 0 1440 24 24
神 24 1440 24 24
祝 48 1440 24 24
误 72 1440 24 24
诱 96 1440 24 24
说 120 1440 24 24
诵 144 1440 24 24
垦 168 1440 24 24
退 192 1440 24 24
既 216 1440 24 24
屋 240 1440 24 24
昼 264 1440 24 24
费 288 1440 24 24
陡 312 1440 24 24
眉 336 1440 24 24
孩 360 1440 24 24
除 384 1440 24 24
险 408 1440 24 24
院 432 1440 24 24
娃 456 1440 24 24
姥 480 1440 24 24
姨 504 1440 24 24
姻 528 1440 24 24
娇 552 1440 24 24
怒 0 1464 24 24
架 24 1464 24 24
贺 48 1464 24 24
盈 72 1464 24 24
勇 96 1464 24 24
怠 120 1464 24 24
柔 144 1464 24 24
垒 168 1464 24 24
绑 192 1464 24 24
绒 216 1464 24 24
结 240 1464 24 24
绕 264 1464 24 24
骄 288 1464 24 24
绘 312 1464 24 24
给 336 1464 24 24
络 360 1464 24 24
骆 384 1464 24 24
绝 408 1464 24 24
绞 432 1464 24 24
统 456 1464 24 24
耕 480 1464 24 24
耗 504 1464 24 24
艳 528 1464 24 24
泰 552 1464 24 24
珠 0 1488 24 24
班 24 1488 24 24
素 48 1488 24 24
蚕 72 1488 24 24
顽 96 1488 24 24
盏 120 1488 24 24
匪 144 1488 24 24
捞 168 1488 24 24
栽 192 1488 24 24
捕 216 1488 24 24
振 240 1488 24 24
载 264 1488 24 24
赶 288 1488 24 24
起 312 1488 24 24
盐 336 1488 24 24
捎 360 1488 24 24
捏 384 1488 24 24
埋 408 1488 24 24
捉 432 1488 24 24
捆 456 1488 24 24
捐 480 1488 24 24
损 504 1488 24 24
都 528 1488 24 24
哲 552 1488 24 24
逝 0 1512 24 24
捡 24 1512 24 24
换 48 1512 24 24
挽 72 1512 24 24
热 96 1512 24 24
恐 120 1512 24 24
壶 144 1512 24 24
挨 168 1512 24 24
耻 192 1512 24 24
耽 216 1512 24 24
恭 240 1512 24 24
莲 264 1512 24 24
莫 288 1512 24 24
荷 312 1512 24 24
获 336 1512 24 24
晋 360 1512 24 24
恶 384 1512 24 24
真 408 1512 24 24
框 432 1512 24 24
桂 456 1512 24 24
档 480 1512 24 24
桐 504 1512 24 24
株 528 1512 24 24
桥 552 1512 24 24
桃 0 1536 24 24
格 24 1536 24 24
校 48 1536 24 24
核 72 1536 24 24
样 96 1536 24 24
根 120 1536 24 24
索 144 1536 24 24
哥 168 1536 24 24
速 192 1536 24 24
逗 216 1536 24 24
栗 240 1536 24 24
配 264 1536 24 24
翅 288 1536 24 24
辱 312 1536 24 24
唇 336 1536 24 24
夏 360 1536 24 24
础 384 1536 24 24
破 408 1536 24 24
原 432 1536 24 24
套 456 1536 24 24
逐 480 1536 24 24
烈 504 1536 24 24
殊 528 1536 24 24
顾 552 1536 24 24
轿 0 1560 24 24
较 24 1560 24 24
顿 48 1560 24 24
毙 72 1560 24 24
致 96 1560 24 24
柴 120 1560 24 24
桌 144 1560 24 24
虑 168 1560 24 24
监 192 1560 24 24
紧 216 1560 24 24
党 240 1560 24 24
晒 264 1560 24 24
眠 288 1560 24 24
晓 312 1560 24 24
鸭 336 1560 24 24
晃 360 1560 24 24
晌 384 1560 24 24
晕 408 1560 24 24
蚊 432 1560 24 24
哨 456 1560 24 24
哭 480 1560 24 24
恩 504 1560 24 24
唤 528 1560 24 24
啊 552 1560 24 24
唉 0 1584 24 24
罢 24 1584 24 24
峰 48 1584 24 24
圆 72 1584 24 24
贼 96 1584 24 24
贿 120 1584 24 24
钱 144 1584 24 24
钳 168 1584 24 24
钻 192 1584 24 24
铁 216 1584 24 24
铃 240 1584 24 24
铅 264 1584 24 24
缺 288 1584 24 24
氧 312 1584 24 24
特 336 1584 24 24
牺 360 1584 24 24
造 384 1584 24 24
乘 408 1584 24 24
敌 432 1584 24 24
秤 456 1584 24 24
租 480 1584 24 24
积 504 1584 24 24
秧 528 1584 24 24
秩 552 1584 24 24
称 0 1608 24 24
秘 24 1608 24 24
透 48 1608 24 24
笔 72 1608 24 24
笑 96 1608 24 24
笋 120 1608 24 24
债 144 1608 24 24
借 168 1608 24 24
值 192 1608 24 24
倚 216 1608 24 24
倾 240 1608 24 24
倒 264 1608 24 24
倘 288 1608 24 24
俱 312 1608 24 24
倡 336 1608 24 24
候 360 1608 24 24
俯 384 1608 24 24
倍 408 1608 24 24
倦 432 1608 24 24
健 456 1608 24 24
臭 480 1608 24 24
射 504 1608 24 24
躬 528 1608 24 24
息 552 1608 24 24
徒 0 1632 24 24
徐 24 1632 24 24
舰 48 1632 24 24
舱 72 1632 24 24
般 96 1632 24 24
航 120 1632 24 24
途 144 1632 24 24
拿 168 1632 24 24
爹 192 1632 24 24
爱 216 1632 24 24
颂 240 1632 24 24
翁 264 1632 24 24
脆 288 1632 24 24
脂 312 1632 24 24
胸 336 1632 24 24
胳 360 1632 24 24
脏 384 1632 24 24
胶 408 1632 24 24
脑 432 1632 24 24
狸 456 1632 24 24
狼 480 1632 24 24
逢 504 1632 24 24
留 528 1632 24 24
皱 552 1632 24 24
饿 0 1656 24 24
恋 24 1656 24 24
桨 48 1656 24 24
浆 72 1656 24 24
衰 96 1656 24 24
高 120 1656 24 24
席 144 1656 24 24
准 168 1656 24 24
座 192 1656 24 24
脊 216 1656 24 24
症 240 1656 24 24
病 264 1656 24 24
疾 288 1656 24 24
疼 312 1656 24 24
疲 336 1656 24 24
效 360 1656 24 24
离 384 1656 24 24
唐 408 1656 24 24
资 432 1656 24 24
凉 456 1656 24 24
站 480 1656 24 24
剖 504 1656 24 24
竞 528 1656 24 24
部 552 1656 24 24
旁 0 1680 24 24
旅 24 1680 24 24
畜 48 1680 24 24
阅 72 1680 24 24
羞 96 1680 24 24
瓶 120 1680 24 24
拳 144 1680 24 24
粉 168 1680 24 24
料 192 1680 24 24
益 216 1680 24 24
兼 240 1680 24 24
烤 264 1680 24 24
烘 288 1680 24 24
烦 312 1680 24 24
烧 336 1680 24 24
烛 360 1680 24 24
烟 384 1680 24 24
递 408 1680 24 24
涛 432 1680 24 24
浙 456 1680 24 24
涝 480 1680 24 24
酒 504 1680 24 24
涉 528 1680 24 24
消 552 1680 24 24
浩 0 1704 24 24
海 24 1704 24 24
涂 48 1704 24 24
浴 72 1704 24 24
浮 96 1704 24 24
流 120 1704 24 24
润 144 1704 24 24
浪 168 1704 24 24
浸 192 1704 24 24
涨 216 1704 24 24
烫 240 1704 24 24
涌 264 1704 24 24
悟 288 1704 24 24
悄 312 1704 24 24
悔 336 1704 24 24
悦 360 1704 24 24
害 384 1704 24 24
宽 408 1704 24 24
家 432 1704 24 24
宵 456 1704 24 24
宴 480 1704 24 24
宾 504 1704 24 24
窄 528 1704 24 24
容 552 1704 24 24
宰 0 1728 24 24
案 24 1728 24 24
请 48 1728 24 24
朗 72 1728 24 24
诸 96 1728 24 24
读 120 1728 24 24
扇 144 1728 24 24
袜 168 1728 24 24
袖 192 1728 24 24
袍 216 1728 24 24
被 240 1728 24 24
祥 264 1728 24 24
课 288 1728 24 24
谁 312 1728 24 24
调 336 1728 24 24
冤 360 1728 24 24
谅 384 1728 24 24
谈 408 1728 24 24
谊 432 1728 24 24
剥 456 1728 24 24
恳 480 1728 24 24
展 504 1728 24 24
剧 528 1728 24 24
屑 552 1728 24 24
弱 0 1752 24 24
陵 24 1752 24 24
陶 48 1752 24 24
陷 72 1752 24 24
陪 96 1752 24 24
娱 120 1752 24 24
娘 144 1752 24 24
通 168 1752 24 24
能 192 1752 24 24
难 216 1752 24 24
预 240 1752 24 24
桑 264 1752 24 24
绢 288 1752 24 24
绣 312 1752 24 24
验 336 1752 24 24
继 360 1752 24 24
球 384 1752 24 24
理 408 1752 24 24
捧 432 1752 24 24
堵 456 1752 24 24
描 480 1752 24 24
域 504 1752 24 24
掩 528 1752 24 24
捷 552 1752 24 24
排 0 1776 24 24
掉 24 1776 24 24
堆 48 1776 24 24
推 72 1776 24 24
掀 96 1776 24 24
授 120 1776 24 24
教 144 1776 24 24
掏 168 1776 24 24
掠 192 1776 24 24
培 216 1776 24 24
接 240 1776 24 24
控 264 1776 24 24
探 288 1776 24 24
据 312 1776 24 24
掘 336 1776 24 24
职 360 1776 24 24
基 384 1776 24 24
著 408 1776 24 24
勒 432 1776 24 24
黄 456 1776 24 24
萌 480 1776 24 24
萝 504 1776 24 24
菌 528 1776 24 24
菜 552 1776 24 24
萄 0 1800 24 24
菊 24 1800 24 24
萍 48 1800 24 24
菠 72 1800 24 24
营 96 1800 24 24
械 120 1800 24 24
梦 144 1800 24 24
梢 168 1800 24 24
梅 192 1800 24 24
检 216 1800 24 24
梳 240 1800 24 24
梯 264 1800 24 24
桶 288 1800 24 24
救 312 1800 24 24
副 336 1800 24 24
票 360 1800 24 24
戚 384 1800 24 24
爽 408 1800 24 24
聋 432 1800 24 24
袭 456 1800 24 24
盛 480 1800 24 24
雪 504 1800 24 24
辅 528 1800 24 24
辆 552 1800 24 24
虚 0 1824 24 24
雀 24 1824 24 24
堂 48 1824 24 24
常 72 1824 24 24
匙 96 1824 24 24
晨 120 1824 24 24
睁 144 1824 24 24
眯 168 1824 24 24
眼 192 1824 24 24
悬 216 1824 24 24
野 240 1824 24 24
啦 264 1824 24 24
晚 288 1824 24 24
啄 312 1824 24 24
距 336 1824 24 24
跃 360 1824 24 24
略 384 1824 24 24
蛇 408 1824 24 24
累 432 1824 24 24
唱 456 1824 24 24
患 480 1824 24 24
唯 504 1824 24 24
崖 528 1824 24 24
崭 552 1824 24 24
崇 0 1848 24 24
圈 24 1848 24 24
铜 48 1848 24 24
铲 72 1848 24 24
银 96 1848 24 24
甜 120 1848 24 24
梨 144 1848 24 24
犁 168 1848 24 24
移 192 1848 24 24
笨 216 1848 24 24
笼 240 1848 24 24
笛 264 1848 24 24
符 288 1848 24 24
第 312 1848 24 24
敏 336 1848 24 24
做 360 1848 24 24
袋 384 1848 24 24
悠 408 1848 24 24
偿 432 1848 24 24
偶 456 1848 24 24
偷 480 1848 24 24
您 504 1848 24 24
售 528 1848 24 24
停 552 1848 24 24
偏 0 1872 24 24
假 24 1872 24 24
得 48 1872 24 24
衔 72 1872 24 24
盘 96 1872 24 24
船 120 1872 24 24
斜 144 1872 24 24
盒 168 1872 24 24
鸽 192 1872 24 24
悉 216 1872 24 24
欲 240 1872 24 24
彩 264 1872 24 24
领 288 1872 24 24
脚 312 1872 24 24
脖 336 1872 24 24
脸 360 1872 24 24
脱 384 1872 24 24
象 408 1872 24 24
够 432 1872 24 24
猜 456 1872 24 24
猪 480 1872 24 24
猎 504 1872 24 24
猫 528 1872 24 24
猛 552 1872 24 24
馅 0 1896 24 24
馆 24 1896 24 24
凑 48 1896 24 24
减 72 1896 24 24
毫 96 1896 24 24
麻 120 1896 24 24
痒 144 1896 24 24
痕 168 1896 24 24
廊 192 1896 24 24
康 216 1896 24 24
庸 240 1896 24 24
鹿 264 1896 24 24
盗 288 1896 24 24
章 312 1896 24 24
竟 336 1896 24 24
商 360 1896 24 24
族 384 1896 24 24
旋 408 1896 24 24
望 432 1896 24 24
率 456 1896 24 24
着 480 1896 24 24
盖 504 1896 24 24
粘 528 1896 24 24
粗 552 1896 24 24
粒 0 1920 24 24
断 24 1920 24 24
剪 48 1920 24 24
兽 72 1920 24 24
清 96 1920 24 24
添 120 1920 24 24
淋 144 1920 24 24
淹 168 1920 24 24
渠 192 1920 24 24
渐 216 1920 24 24
混 240 1920 24 24
渔 264 1920 24 24
淘 288 1920 24 24
液 312 1920 24 24
淡 336 1920 24 24
深 360 1920 24 24
婆 384 1920 24 24
梁 408 1920 24 24
渗 432 1920 24 24
情 456 1920 24 24
惜 480 1920 24 24
惭 504 1920 24 24
悼 528 1920 24 24
惧 552 1920 24 24
惕 0 1944 24 24
惊 24 1944 24 24
惨 48 1944 24 24
惯 72 1944 24 24
寇 96 1944 24 24
寄 120 1944 24 24
宿 144 1944 24 24
窑 168 1944 24 24
密 192 1944 24 24
谋 216 1944 24 24
谎 240 1944 24 24
祸 264 1944 24 24
谜 288 1944 24 24
逮 312 1944 24 24
敢 336 1944 24 24
屠 360 1944 24 24
弹 384 1944 24 24
随 408 1944 24 24
蛋 432 1944 24 24
隆 456 1944 24 24
隐 480 1944 24 24
婚 504 1944 24 24
婶 528 1944 24 24
颈 552 1944 24 24
绩 0 1968 24 24
绪 24 1968 24 24
续 48 1968 24 24
骑 72 1968 24 24
绳 96 1968 24 24
维 120 1968 24 24
绵 144 1968 24 24
绸 168 1968 24 24
绿 192 1968 24 24
琴 216 1968 24 24
斑 240 1968 24 24
替 264 1968 24 24
款 288 1968 24 24
堪 312 1968 24 24
搭 336 1968 24 24
塔 360 1968 24 24
越 384 1968 24 24
趁 408 1968 24 24
趋 432 1968 24 24
超 456 1968 24 24
提 480 1968 24 24
堤 504 1968 24 24
博 528 1968 24 24
揭 552 1968 24 24
喜 0 1992 24 24
插 24 1992 24 24
揪 48 1992 24 24
搜 72 1992 24 24
煮 96 1992 24 24
援 120 1992 24 24
裁 144 1992 24 24
搁 168 1992 24 24
搂 192 1992 24 24
搅 216 1992 24 24
握 240 1992 24 24
揉 264 1992 24 24
斯 288 1992 24 24
期 312 1992 24 24
欺 336 1992 24 24
联 360 1992 24 24
散 384 1992 24 24
惹 408 1992 24 24
葬 432 1992 24 24
葛 456 1992 24 24
董 480 1992 24 24
葡 504 1992 24 24
敬 528 1992 24 24
葱 552 1992 24 24
落 0 2016 24 24
朝 24 2016 24 24
辜 48 2016 24 24
葵 72 2016 24 24
棒 96 2016 24 24
棋 120 2016 24 24
植 144 2016 24 24
森 168 2016 24 24
椅 192 2016 24 24
椒 216 2016 24 24
棵 240 2016 24 24
棍 264 2016 24 24
棉 288 2016 24 24
棚 312 2016 24 24
棕 336 2016 24 24
惠 360 2016 24 24
惑 384 2016 24 24
逼 408 2016 24 24
厨 432 2016 24 24
厦 456 2016 24 24
硬 480 2016 24 24
确 504 2016 24 24
雁 528 2016 24 24
殖 552 2016 24 24
裂 0 2040 24 24
雄 24 2040 24 24
暂 48 2040 24 24
雅 72 2040 24 24
辈 96 2040 24 24
悲 120 2040 24 24
紫 144 2040 24 24
辉 168 2040 24 24
敞 192 2040 24 24
赏 216 2040 24 24
掌 240 2040 24 24
晴 264 2040 24 24
暑 288 2040 24 24
最 312 2040 24 24
量 336 2040 24 24
喷 360 2040 24 24
晶 384 2040 24 24
喇 408 2040 24 24
遇 432 2040 24 24
喊 456 2040 24 24
景 480 2040 24 24
践 504 2040 24 24
跌 528 2040 24 24
跑 552 2040 24 24
遗 0 2064 24 24
蛙 24 2064 24 24
蛛 48 2064 24 24
蜓 72 2064 24 24
喝 96 2064 24 24
喂 120 2064 24 24
喘 144 2064 24 24
喉 168 2064 24 24
幅 192 2064 24 24
帽 216 2064 24 24
赌 240 2064 24 24
赔 264 2064 24 24
黑 288 2064 24 24
铸 312 2064 24 24
铺 336 2064 24 24
链 360 2064 24 24
销 384 2064 24 24
锁 408 2064 24 24
锄 432 2064 24 24
锅 456 2064 24 24
锈 480 2064 24 24
锋 504 2064 24 24
锐 528 2064 24 24
短 552 2064 24 24
智 0 2088 24 24
毯 24 2088 24 24
鹅 48 2088 24 24
剩 72 2088 24 24
稍 96 2088 24 24
程 120 2088 24 24
稀 144 2088 24 24
税 168 2088 24 24
筐 192 2088 24 24
等 216 2088 24 24
筑 240 2088 24 24
策 264 2088 24 24
筛 288 2088 24 24
筒 312 2088 24 24
答 336 2088 24 24
筋 360 2088 24 24
筝 384 2088 24 24
傲 408 2088 24 24
傅 432 2088 24 24
牌 456 2088 24 24
堡 480 2088 24 24
集 504 2088 24 24
焦 528 2088 24 24
傍 552 2088 24 24
储 0 2112 24 24
奥 24 2112 24 24
街 48 2112 24 24
惩 72 2112 24 24
御 96 2112 24 24
循 120 2112 24 24
艇 144 2112 24 24
舒 168 2112 24 24
番 192 2112 24 24
释 216 2112 24 24
禽 240 2112 24 24
腊 264 2112 24 24
脾 288 2112 24 24
腔 312 2112 24 24
鲁 336 2112 24 24
猾 360 2112 24 24
猴 384 2112 24 24
然 408 2112 24 24
馋 432 2112 24 24
装 456 2112 24 24
蛮 480 2112 24 24
就 504 2112 24 24
痛 528 2112 24 24
童 552 2112 24 24
阔 0 2136 24 24
善 24 2136 24 24
羡 48 2136 24 24
普 72 2136 24 24
粪 96 2136 24 24
尊 120 2136 24 24
道 144 2136 24 24
曾 168 2136 24 24
焰 192 2136 24 24
港 216 2136 24 24
湖 240 2136 24 24
渣 264 2136 24 24
湿 288 2136 24 24
温 312 2136 24 24
渴 336 2136 24 24
滑 360 2136 24 24
湾 384 2136 24 24
渡 408 2136 24 24
游 432 2136 24 24
滋 456 2136 24 24
溉 480 2136 24 24
愤 504 2136 24 24
慌 528 2136 24 24
惰 552 2136 24 24
愧 0 2160 24 24
愉 24 2160 24 24
慨 48 2160 24 24
割 72 2160 24 24
寒 96 2160 24 24
富 120 2160 24 24
窜 144 2160 24 24
窝 168 2160 24 24
窗 192 2160 24 24
遍 216 2160 24 24
裕 240 2160 24 24
裤 264 2160 24 24
裙 288 2160 24 24
谢 312 2160 24 24
谣 336 2160 24 24
谦 360 2160 24 24
属 384 2160 24 24
屡 408 2160 24 24
强 432 2160 24 24
粥 456 2160 24 24
疏 480 2160 24 24
隔 504 2160 24 24
隙 528 2160 24 24
絮 552 2160 24 24
嫂 0 2184 24 24
登 24 2184 24 24
缎 48 2184 24 24
缓 72 2184 24 24
编 96 2184 24 24
骗 120 2184 24 24
缘 144 2184 24 24
瑞 168 2184 24 24
魂 192 2184 24 24
肆 216 2184 24 24
摄 240 2184 24 24
摸 264 2184 24 24
填 288 2184 24 24
搏 312 2184 24 24
塌 336 2184 24 24
鼓 360 2184 24 24
摆 384 2184 24 24
携 408 2184 24 24
搬 432 2184 24 24
摇 456 2184 24 24
搞 480 2184 24 24
塘 504 2184 24 24
摊 528 2184 24 24
蒜 552 2184 24 24
勤 0 2208 24 24
鹊 24 2208 24 24
蓝 48 2208 24 24
墓 72 2208 24 24
幕 96 2208 24 24
蓬 120 2208 24 24
蓄 144 2208 24 24
蒙 168 2208 24 24
蒸 192 2208 24 24
献 216 2208 24 24
禁 240 2208 24 24
楚 264 2208 24 24
想 288 2208 24 24
槐 312 2208 24 24
榆 336 2208 24 24
楼 360 2208 24 24
概 384 2208 24 24
赖 408 2208 24 24
酬 432 2208 24 24
感 456 2208 24 24
碍 480 2208 24 24
碑 504 2208 24 24
碎 528 2208 24 24
碰 552 2208 24 24
碗 0 2232 24 24
碌 24 2232 24 24
雷 48 2232 24 24
零 72 2232 24 24
雾 96 2232 24 24
雹 120 2232 24 24
输 144 2232 24 24
督 168 2232 24 24
龄 192 2232 24 24
鉴 216 2232 24 24
睛 240 2232 24 24
睡 264 2232 24 24
睬 288 2232 24 24
鄙 312 2232 24 24
愚 336 2232 24 24
暖 360 2232 24 24
盟 384 2232 24 24
歇 408 2232 24 24
暗 432 2232 24 24
照 456 2232 24 24
跨 480 2232 24 24
跳 504 2232 24 24
跪 528 2232 24 24
路 552 2232 24 24
跟 0 2256 24 24
遣 24 2256 24 24
蛾 48 2256 24 24
蜂 72 2256 24 24
嗓 96 2256 24 24
置 120 2256 24 24
罪 144 2256 24 24
罩 168 2256 24 24
错 192 2256 24 24
锡 216 2256 24 24
锣 240 2256 24 24
锤 264 2256 24 24
锦 288 2256 24 24
键 312 2256 24 24
锯 336 2256 24 24
矮 360 2256 24 24
辞 384 2256 24 24
稠 408 2256 24 24
愁 432 2256 24 24
筹 456 2256 24 24
签 480 2256 24 24
简 504 2256 24 24
毁 528 2256 24 24
舅 552 2256 24 24
鼠 0 2280 24 24
催 24 2280 24 24
傻 48 2280 24 24
像 72 2280 24 24
躲 96 2280 24 24
微 120 2280 24 24
愈 144 2280 24 24
遥 168 2280 24 24
腰 192 2280 24 24
腥 216 2280 24 24
腹 240 2280 24 24
腾 264 2280 24 24
腿 288 2280 24 24
触 312 2280 24 24
解 336 2280 24 24
酱 360 2280 24 24
痰 384 2280 24 24
廉 408 2280 24 24
新 432 2280 24 24
韵 456 2280 24 24
意 480 2280 24 24
粮 504 2280 24 24
数 528 2280 24 24
煎 552 2280 24 24
塑 0 2304 24 24
慈 24 2304 24 24
煤 48 2304 24 24
煌 72 2304 24 24
满 96 2304 24 24
漠 120 2304 24 24
源 144 2304 24 24
滤 168 2304 24 24
滥 192 2304 24 24
滔 216 2304 24 24
溪 240 2304 24 24
溜 264 2304 24 24
滚 288 2304 24 24
滨 312 2304 24 24
粱 336 2304 24 24
滩 360 2304 24 24
慎 384 2304 24 24
誉 408 2304 24 24
塞 432 2304 24 24
谨 456 2304 24 24
福 480 2304 24 24
群 504 2304 24 24
殿 528 2304 24 24
辟 552 2304 24 24
障 0 2328 24 24
嫌 24 2328 24 24
嫁 48 2328 24 24
叠 72 2328 24 24
缝 96 2328 24 24
缠 120 2328 24 24
静 144 2328 24 24
碧 168 2328 24 24
璃 192 2328 24 24
墙 216 2328 24 24
撇 240 2328 24 24
嘉 264 2328 24 24
摧 288 2328 24 24
截 312 2328 24 24
誓 336 2328 24 24
境 360 2328 24 24
摘 384 2328 24 24
摔 408 2328 24 24
聚 432 2328 24 24
蔽 456 2328 24 24
慕 480 2328 24 24
暮 504 2328 24 24
蔑 528 2328 24 24
模 552 2328 24 24
榴 0 2352 24 24
榜 24 2352 24 24
榨 48 2352 24 24
歌 72 2352 24 24
遭 96 2352 24 24
酷 120 2352 24 24
酿 144 2352 24 24
酸 168 2352 24 24
磁 192 2352 24 24
愿 216 2352 24 24
需 240 2352 24 24
弊 264 2352 24 24
裳 288 2352 24 24
颗 312 2352 24 24
嗽 336 2352 24 24
蜻 360 2352 24 24
蜡 384 2352 24 24
蝇 408 2352 24 24
蜘 432 2352 24 24
赚 456 2352 24 24
锹 480 2352 24 24
锻 504 2352 24 24
舞 528 2352 24 24
稳 552 2352 24 24
算 0 2376 24 24
箩 24 2376 24 24
管 48 2376 24 24
僚 72 2376 24 24
鼻 96 2376 24 24
魄 120 2376 24 24
貌 144 2376 24 24
膜 168 2376 24 24
膊 192 2376 24 24
膀 216 2376 24 24
鲜 240 2376 24 24
疑 264 2376 24 24
馒 288 2376 24 24
裹 312 2376 24 24
敲 336 2376 24 24
豪 360 2376 24 24
膏 384 2376 24 24
遮 408 2376 24 24
腐 432 2376 24 24
瘦 456 2376 24 24
辣 480 2376 24 24
竭 504 2376 24 24
端 528 2376 24 24
旗 552 2376 24 24
精 0 2400 24 24
歉 24 2400 24 24
熄 48 2400 24 24
熔 72 2400 24 24
漆 96 2400 24 24
漂 120 2400 24 24
漫 144 2400 24 24
滴 168 2400 24 24
演 192 2400 24 24
漏 216 2400 24 24
慢 240 2400 24 24
寨 264 2400 24 24
赛 288 2400 24 24
察 312 2400 24 24
蜜 336 2400 24 24
谱 360 2400 24 24
嫩 384 2400 24 24
翠 408 2400 24 24
熊 432 2400 24 24
凳 456 2400 24 24
骡 480 2400 24 24
缩 504 2400 24 24
慧 528 2400 24 24
撕 552 2400 24 24
撒 0 2424 24 24
趣 24 2424 24 24
趟 48 2424 24 24
撑 72 2424 24 24
播 96 2424 24 24
撞 120 2424 24 24
撤 144 2424 24 24
增 168 2424 24 24
聪 192 2424 24 24
鞋 216 2424 24 24
蕉 240 2424 24 24
蔬 264 2424 24 24
横 288 2424 24 24
槽 312 2424 24 24
樱 336 2424 24 24
橡 360 2424 24 24
飘 384 2424 24 24
醋 408 2424 24 24
醉 432 2424 24 24
震 456 2424 24 24
霉 480 2424 24 24
瞒 504 2424 24 24
题 528 2424 24 24
暴 552 2424 24 24
瞎 0 2448 24 24
影 24 2448 24 24
踢 48 2448 24 24
踏 72 2448 24 24
踩 96 2448 24 24
踪 120 2448 24 24
蝶 144 2448 24 24
蝴 168 2448 24 24
嘱 192 2448 24 24
墨 216 2448 24 24
镇 240 2448 24 24
靠 264 2448 24 24
稻 288 2448 24 24
黎 312 2448 24 24
稿 336 2448 24 24
稼 360 2448 24 24
箱 384 2448 24 24
箭 408 2448 24 24
篇 432 2448 24 24
僵 456 2448 24 24
躺 480 2448 24 24
僻 504 2448 24 24
德 528 2448 24 24
艘 552 2448 24 24
膝 0 2472 24 24
膛 24 2472 24 24
熟 48 2472 24 24
摩 72 2472 24 24
颜 96 2472 24 24
毅 120 2472 24 24
糊 144 2472 24 24
遵 168 2472 24 24
潜 192 2472 24 24
潮 216 2472 24 24
懂 240 2472 24 24
额 264 2472 24 24
慰 288 2472 24 24
劈 312 2472 24 24
操 336 2472 24 24
燕 360 2472 24 24
薯 384 2472 24 24
薪 408 2472 24 24
薄 432 2472 24 24
颠 456 2472 24 24
橘 480 2472 24 24
整 504 2472 24 24
融 528 2472 24 24
醒 552 2472 24 24
餐 0 2496 24 24
嘴 24 2496 24 24
蹄 48 2496 24 24
器 72 2496 24 24
赠 96 2496 24 24
默 120 2496 24 24
镜 144 2496 24 24
赞 168 2496 24 24
篮 192 2496 24 24
邀 216 2496 24 24
衡 240 2496 24 24
膨 264 2496 24 24
雕 288 2496 24 24
磨 312 2496 24 24
凝 336 2496 24 24
辨 360 2496 24 24
辩 384 2496 24 24
糖 408 2496 24 24
糕 432 2496 24 24
燃 456 2496 24 24
澡 480 2496 24 24
激 504 2496 24 24
懒 528 2496 24 24
壁 552 2496 24 24
避 0 2520 24 24
缴 24 2520 24 24
戴 48 2520 24 24
擦 72 2520 24 24
鞠 96 2520 24 24
藏 120 2520 24 24
霜 144 2520 24 24
霞 168 2520 24 24
瞧 192 2520 24 24
蹈 216 2520 24 24
螺 240 2520 24 24
穗 264 2520 24 24
繁 288 2520 24 24
辫 312 2520 24 24
赢 336 2520 24 24
糟 360 2520 24 24
糠 384 2520 24 24
燥 408 2520 24 24
臂 432 2520 24 24
翼 456 2520 24 24
骤 480 2520 24 24
鞭 504 2520 24 24
覆 528 2520 24 24
蹦 552 2520 24 24
